1135, 246
1126, 255
1110, 255
1109, 254
1107, 252
1107, 218
1108, 217
1108, 215
1109, 214
1111, 212
1163, 212
1164, 213
1165, 213
1166, 214
1168, 216
1168, 277
1167, 278
1165, 280
1093, 280
1092, 279
1090, 279
1089, 278
1086, 275
1086, 194
1087, 193
1087, 191
1088, 190
1090, 188
1092, 188
1093, 189
1185, 189
1186, 190
1187, 190
1188, 191
1191, 194
1191, 302
1190, 303
1188, 305
1068, 305
1067, 304
1065, 304
1064, 303
1062, 301
1062, 171
1063, 170
1063, 168
1064, 167
1066, 165
1068, 165
1069, 166
1207, 166
1208, 167
1209, 167
1210, 168
1212, 170
1212, 328
1211, 329
1211, 330
1210, 331
1207, 334
1041, 334
1040, 333
1038, 331
1038, 329
1039, 328
1039, 148
1040, 147
1040, 145
1041, 144
1043, 142
1045, 142
1046, 143
1237, 143
1238, 144
1239, 144
1240, 145
1242, 147
1242, 350
1241, 351
1241, 352
1240, 353
1238, 355
1012, 355
1011, 354
1009, 352
1009, 122
1010, 121
1010, 119
1011, 118
1013, 116
1265, 116
1266, 117
1267, 117
1268, 118
1270, 120
1270, 384
1269, 385
1267, 387
989, 387
988, 386
986, 386
985, 385
982, 382
982, 95
983, 94
983, 92
984, 91
986, 89
1291, 89
1292, 90
1293, 90
1294, 91
1296, 93
1296, 425
1295, 426
1293, 428
952, 428
951, 427
949, 427
948, 426
946, 424
946, 422
947, 421
947, 56
948, 55
948, 53
949, 52
951, 50
1319, 50
1320, 51
1321, 51
1322, 52
1324, 54
1324, 465
1323, 466
1323, 467
1322, 468
1320, 470
921, 470
920, 469
918, 469
917, 468
915, 466
915, 464
916, 463
916, 248
917, 247
917, 32
918, 31
918, 29
919, 28
921, 26
1358, 26
1359, 27
1360, 27
1361, 28
1363, 30
1363, 512
1362, 513
1362, 514
1361, 515
1358, 518
926, 950
926, 985
925, 986
925, 987
924, 988
885, 1027
865, 1027
864, 1026
517, 679
517, 581
516, 580
516, 579
515, 578
512, 575
459, 575
458, 576
456, 576
455, 577
453, 579
453, 581
454, 582
454, 584
455, 585
469, 599
469, 1009
468, 1010
466, 1012
84, 1012
83, 1011
81, 1009
81, 1007
82, 1006
82, 684
83, 683
83, 681
84, 680
86, 678
429, 678
430, 679
431, 679
432, 680
434, 682
434, 964
433, 965
430, 968
123, 968
122, 967
119, 964
119, 709
120, 708
120, 706
121, 705
123, 703
125, 703
126, 704
400, 704
401, 705
402, 705
403, 706
405, 708
405, 931
404, 932
404, 933
403, 934
401, 936
158, 936
157, 935
155, 935
154, 934
152, 932
152, 930
153, 929
153, 736
154, 735
154, 733
155, 732
157, 730
366, 730
367, 731
368, 731
369, 732
371, 734
371, 905
370, 906
370, 907
369, 908
367, 910
176, 910
175, 909
173, 907
173, 905
174, 904
174, 902
175, 901
175, 760
176, 759
176, 757
177, 756
179, 754
336, 754
337, 755
338, 755
339, 756
341, 758
341, 886
340, 887
338, 889
206, 889
205, 888
203, 888
202, 887
200, 885
200, 785
201, 784
201, 782
202, 781
204, 779
313, 779
314, 780
315, 780
316, 781
319, 784
319, 867
318, 868
316, 870
224, 870
223, 869
221, 869
220, 868
218, 866
218, 864
219, 863
219, 806
220, 805
220, 803
221, 802
223, 800
287, 800
288, 801
289, 801
290, 802
292, 804
292, 838
291, 839
291, 840
290, 841
288, 843
283, 843
282, 842
280, 840
278, 838
269, 838
