310, 477
309, 476
308, 475
307, 474
306, 473
305, 472
304, 471
303, 470
302, 470
301, 470
300, 470
299, 470
298, 470
297, 470
296, 470
295, 470
294, 470
293, 470
292, 470
291, 470
290, 470
289, 470
288, 470
287, 470
286, 470
285, 470
284, 470
283, 470
282, 470
281, 470
280, 470
279, 470
278, 470
277, 470
276, 470
275, 470
274, 470
273, 470
272, 470
271, 470
270, 470
269, 470
268, 470
267, 470
266, 470
265, 470
264, 470
263, 470
262, 470
261, 470
260, 470
259, 470
258, 470
257, 470
256, 470
255, 470
254, 470
253, 470
252, 470
251, 470
250, 470
249, 470
248, 470
247, 470
246, 470
245, 470
244, 470
243, 470
242, 470
241, 470
240, 470
239, 470
238, 470
237, 470
236, 470
235, 470
234, 470
233, 470
232, 470
231, 470
230, 470
229, 470
228, 470
227, 470
226, 470
225, 470
224, 470
223, 470
222, 470
221, 470
220, 470
219, 470
218, 470
217, 470
216, 470
215, 470
214, 470
213, 470
212, 470
211, 470
210, 470
209, 470
208, 470
207, 470
206, 470
205, 470
204, 470
203, 470
202, 470
201, 470
200, 470
199, 470
198, 470
197, 470
196, 470
195, 470
194, 470
193, 470
192, 470
191, 470
190, 470
189, 470
188, 470
187, 470
186, 470
185, 470
184, 470
183, 470
182, 470
181, 470
180, 470
179, 470
178, 470
177, 470
176, 470
175, 470
174, 470
173, 470
172, 470
171, 470
170, 470
169, 470
168, 470
167, 470
166, 470
165, 470
164, 470
163, 470
162, 470
161, 470
160, 470
159, 470
158, 470
157, 470
156, 470
155, 470
154, 470
153, 470
152, 470
151, 470
150, 470
149, 470
148, 470
147, 470
146, 470
145, 470
144, 470
143, 470
142, 470
141, 470
140, 470
139, 470
138, 470
137, 470
136, 470
135, 470
134, 470
133, 470
132, 470
131, 470
130, 470
129, 470
128, 470
127, 470
126, 470
125, 470
124, 470
123, 470
122, 470
121, 470
120, 470
119, 470
118, 470
117, 470
116, 470
115, 470
114, 470
113, 470
112, 470
111, 470
110, 470
109, 470
108, 470
107, 470
106, 470
105, 470
104, 470
103, 470
102, 470
101, 470
100, 470
99, 470
98, 470
97, 470
96, 470
95, 470
94, 470
93, 470
92, 470
91, 470
90, 470
89, 470
88, 470
87, 470
86, 470
85, 470
84, 470
83, 470
82, 470
81, 470
80, 470
79, 470
78, 470
77, 470
76, 470
75, 470
74, 470
73, 470
72, 470
71, 470
70, 470
69, 470
68, 470
67, 470
66, 470
65, 470
64, 470
63, 470
62, 470
61, 470
60, 470
59, 470
58, 470
57, 470
56, 470
55, 470
54, 470
53, 470
52, 470
51, 470
50, 470
49, 470
48, 470
47, 470
46, 471
45, 471
44, 471
43, 472
42, 473
41, 474
41, 475
41, 476
41, 477
41, 478
41, 479
41, 480
41, 481
41, 482
41, 483
41, 484
41, 485
41, 486
41, 487
41, 488
41, 489
41, 490
41, 491
41, 492
41, 493
41, 494
41, 495
41, 496
41, 497
41, 498
41, 499
41, 500
41, 501
41, 502
41, 503
41, 504
41, 505
41, 506
41, 507
41, 508
41, 509
41, 510
41, 511
41, 512
41, 513
41, 514
41, 515
41, 516
41, 517
41, 518
41, 519
41, 520
41, 521
41, 522
41, 523
41, 524
41, 525
41, 526
41, 527
41, 528
41, 529
41, 530
41, 531
41, 532
41, 533
41, 534
41, 535
41, 536
41, 537
41, 538
41, 539
41, 540
41, 541
41, 542
41, 543
41, 544
41, 545
41, 546
41, 547
41, 548
41, 549
41, 550
41, 551
41, 552
41, 553
41, 554
41, 555
41, 556
41, 557
41, 558
41, 559
41, 560
41, 561
41, 562
41, 563
41, 564
41, 565
41, 566
41, 567
41, 568
41, 569
41, 570
41, 571
41, 572
41, 573
41, 574
41, 575
41, 576
41, 577
41, 578
41, 579
41, 580
41, 581
41, 582
41, 583
41, 584
41, 585
41, 586
41, 587
41, 588
41, 589
41, 590
41, 591
41, 592
41, 593
41, 594
41, 595
41, 596
41, 597
41, 598
41, 599
41, 600
41, 601
41, 602
41, 603
41, 604
41, 605
41, 606
41, 607
41, 608
41, 609
41, 610
41, 611
41, 612
41, 613
41, 614
41, 615
41, 616
41, 617
41, 618
41, 619
41, 620
41, 621
41, 622
41, 623
41, 624
41, 625
41, 626
41, 627
41, 628
41, 629
41, 630
41, 631
41, 632
41, 633
41, 634
41, 635
41, 636
41, 637
41, 638
41, 639
41, 640
41, 641
41, 642
41, 643
41, 644
41, 645
41, 646
41, 647
41, 648
41, 649
41, 650
41, 651
41, 652
41, 653
41, 654
41, 655
41, 656
41, 657
41, 658
41, 659
41, 660
41, 661
41, 662
41, 663
41, 664
41, 665
41, 666
41, 667
41, 668
41, 669
41, 670
41, 671
41, 672
41, 673
41, 674
41, 675
41, 676
41, 677
41, 678
41, 679
41, 680
41, 681
41, 682
41, 683
41, 684
41, 685
41, 686
41, 687
41, 688
41, 689
41, 690
41, 691
41, 692
41, 693
41, 694
41, 695
41, 696
41, 697
41, 698
41, 699
41, 700
41, 701
41, 702
41, 703
41, 704
41, 705
41, 706
41, 707
41, 708
41, 709
41, 710
41, 711
41, 712
41, 713
41, 714
41, 715
41, 716
41, 717
41, 718
41, 719
41, 720
41, 721
41, 722
41, 723
41, 724
41, 725
41, 726
41, 727
41, 728
41, 729
41, 730
41, 731
41, 732
41, 733
41, 734
41, 735
41, 736
41, 737
41, 738
41, 739
41, 740
41, 741
41, 742
41, 743
41, 744
41, 745
41, 746
41, 747
41, 748
41, 749
41, 750
41, 751
41, 752
41, 753
41, 754
41, 755
41, 756
41, 757
41, 758
41, 759
41, 760
41, 761
41, 762
41, 763
41, 764
41, 765
41, 766
41, 767
41, 768
41, 769
41, 770
41, 771
41, 772
41, 773
41, 774
41, 775
41, 776
41, 777
41, 778
41, 779
41, 780
41, 781
41, 782
41, 783
41, 784
41, 785
41, 786
41, 787
41, 788
41, 789
41, 790
41, 791
41, 792
41, 793
41, 794
41, 795
41, 796
41, 797
41, 798
41, 799
41, 800
41, 801
41, 802
41, 803
41, 804
41, 805
41, 806
41, 807
41, 808
41, 809
41, 810
41, 811
41, 812
41, 813
41, 814
41, 815
41, 816
41, 817
41, 818
41, 819
41, 820
41, 821
41, 822
41, 823
41, 824
41, 825
41, 826
41, 827
41, 828
41, 829
41, 830
41, 831
41, 832
41, 833
41, 834
41, 835
41, 836
41, 837
41, 838
41, 839
41, 840
41, 841
41, 842
41, 843
41, 844
41, 845
41, 846
41, 847
41, 848
41, 849
41, 850
41, 851
41, 852
41, 853
41, 854
41, 855
41, 856
41, 857
41, 858
41, 859
41, 860
41, 861
41, 862
41, 863
41, 864
41, 865
41, 866
41, 867
41, 868
41, 869
41, 870
41, 871
41, 872
41, 873
41, 874
41, 875
41, 876
41, 877
41, 878
41, 879
41, 880
41, 881
41, 882
41, 883
41, 884
41, 885
41, 886
41, 887
41, 888
41, 889
41, 890
41, 891
41, 892
41, 893
41, 894
41, 895
41, 896
41, 897
41, 898
41, 899
41, 900
41, 901
41, 902
41, 903
41, 904
41, 905
41, 906
41, 907
41, 908
41, 909
41, 910
41, 911
41, 912
41, 913
41, 914
41, 915
41, 916
41, 917
41, 918
41, 919
41, 920
41, 921
41, 922
41, 923
41, 924
41, 925
41, 926
41, 927
41, 928
41, 929
41, 930
41, 931
41, 932
41, 933
41, 934
41, 935
41, 936
41, 937
41, 938
41, 939
41, 940
41, 941
41, 942
41, 943
41, 944
41, 945
41, 946
41, 947
41, 948
41, 949
41, 950
41, 951
41, 952
41, 953
41, 954
41, 955
41, 956
41, 957
41, 958
41, 959
41, 960
41, 961
41, 962
41, 963
41, 964
41, 965
41, 966
41, 967
41, 968
41, 969
41, 970
41, 971
41, 972
41, 973
41, 974
41, 975
41, 976
41, 977
41, 978
41, 979
41, 980
41, 981
41, 982
41, 983
41, 984
41, 985
41, 986
41, 987
41, 988
41, 989
41, 990
41, 991
41, 992
41, 993
41, 994
41, 995
41, 996
41, 997
41, 998
41, 999
41, 1000
41, 1001
41, 1002
41, 1003
41, 1004
41, 1005
41, 1006
41, 1007
41, 1008
41, 1009
41, 1010
41, 1011
41, 1012
41, 1013
41, 1014
41, 1015
41, 1016
41, 1017
41, 1018
41, 1019
41, 1020
41, 1021
41, 1022
41, 1023
41, 1024
41, 1025
41, 1026
41, 1027
41, 1028
41, 1029
41, 1030
41, 1031
41, 1032
41, 1033
41, 1034
41, 1035
41, 1036
41, 1037
41, 1038
41, 1039
41, 1040
41, 1041
41, 1042
41, 1043
41, 1044
41, 1045
41, 1046
41, 1047
41, 1048
41, 1049
41, 1050
41, 1051
41, 1052
41, 1053
41, 1054
41, 1055
41, 1056
41, 1057
41, 1058
41, 1059
41, 1060
41, 1061
42, 1062
42, 1063
42, 1064
43, 1065
44, 1066
45, 1066
46, 1066
47, 1066
48, 1066
49, 1066
50, 1066
51, 1066
52, 1066
53, 1066
54, 1066
55, 1066
56, 1066
57, 1066
58, 1066
59, 1066
60, 1066
61, 1066
62, 1066
63, 1066
64, 1066
65, 1066
66, 1066
67, 1066
68, 1066
69, 1066
70, 1066
71, 1066
72, 1066
73, 1066
74, 1066
75, 1066
76, 1066
77, 1066
78, 1066
79, 1066
80, 1066
81, 1066
82, 1066
83, 1066
84, 1066
85, 1066
86, 1066
87, 1066
88, 1066
89, 1066
90, 1066
91, 1066
92, 1066
93, 1066
94, 1066
95, 1066
96, 1066
97, 1066
98, 1066
99, 1066
100, 1066
101, 1066
102, 1066
103, 1066
104, 1066
105, 1066
106, 1066
107, 1066
108, 1066
109, 1066
110, 1066
111, 1066
112, 1066
113, 1066
114, 1066
115, 1066
116, 1066
117, 1066
118, 1066
119, 1066
120, 1066
121, 1066
122, 1066
123, 1066
124, 1066
125, 1066
126, 1066
127, 1066
128, 1066
129, 1066
130, 1066
131, 1066
132, 1066
133, 1066
134, 1066
135, 1066
136, 1066
137, 1066
138, 1066
139, 1066
140, 1066
141, 1066
142, 1066
143, 1066
144, 1066
145, 1066
146, 1066
147, 1066
148, 1066
149, 1066
150, 1066
151, 1066
152, 1066
153, 1066
154, 1066
155, 1066
156, 1066
157, 1066
158, 1066
159, 1066
160, 1066
161, 1066
162, 1066
163, 1066
164, 1066
165, 1066
166, 1066
167, 1066
168, 1066
169, 1066
170, 1066
171, 1066
172, 1066
173, 1066
174, 1066
175, 1066
176, 1066
177, 1066
178, 1066
179, 1066
180, 1066
181, 1066
182, 1066
183, 1066
184, 1066
185, 1066
186, 1066
187, 1066
188, 1066
189, 1066
190, 1066
191, 1066
192, 1066
193, 1066
194, 1066
195, 1066
196, 1066
197, 1066
198, 1066
199, 1066
200, 1066
201, 1066
202, 1066
203, 1066
204, 1066
205, 1066
206, 1066
207, 1066
208, 1066
209, 1066
210, 1066
211, 1066
212, 1066
213, 1066
214, 1066
215, 1066
216, 1066
217, 1066
218, 1066
219, 1066
220, 1066
221, 1066
222, 1066
223, 1066
224, 1066
225, 1066
226, 1066
227, 1066
228, 1066
229, 1066
230, 1066
231, 1066
232, 1066
233, 1066
234, 1066
235, 1066
236, 1066
237, 1066
238, 1066
239, 1066
240, 1066
241, 1066
242, 1066
243, 1066
244, 1066
245, 1066
246, 1066
247, 1066
248, 1066
249, 1066
250, 1066
251, 1066
252, 1066
253, 1066
254, 1066
255, 1066
256, 1066
257, 1066
258, 1066
259, 1066
260, 1066
261, 1066
262, 1066
263, 1066
264, 1066
265, 1066
266, 1066
267, 1066
268, 1066
269, 1066
270, 1066
271, 1066
272, 1066
273, 1066
274, 1066
275, 1066
276, 1066
277, 1066
278, 1066
279, 1066
280, 1066
281, 1066
282, 1066
283, 1066
284, 1066
285, 1066
286, 1066
287, 1066
288, 1066
289, 1066
290, 1066
291, 1066
292, 1066
293, 1066
294, 1066
295, 1066
296, 1066
297, 1066
298, 1066
299, 1066
300, 1066
301, 1066
302, 1066
303, 1066
304, 1066
305, 1066
306, 1066
307, 1066
308, 1066
309, 1066
310, 1066
311, 1066
312, 1066
313, 1066
314, 1066
315, 1066
316, 1066
317, 1066
318, 1066
319, 1066
320, 1066
321, 1066
322, 1066
323, 1066
324, 1066
325, 1066
326, 1066
327, 1066
328, 1066
329, 1066
330, 1066
331, 1066
332, 1066
333, 1066
334, 1066
335, 1066
336, 1066
337, 1066
338, 1066
339, 1066
340, 1066
341, 1066
342, 1066
343, 1066
344, 1066
345, 1066
346, 1066
347, 1066
348, 1066
349, 1066
350, 1066
351, 1066
352, 1066
353, 1066
354, 1066
355, 1066
356, 1066
357, 1066
358, 1066
359, 1066
360, 1066
361, 1066
362, 1066
363, 1066
364, 1066
365, 1066
366, 1066
367, 1066
368, 1066
369, 1066
370, 1066
371, 1066
372, 1066
373, 1066
374, 1066
375, 1066
376, 1066
377, 1066
378, 1066
379, 1066
380, 1066
381, 1066
382, 1066
383, 1066
384, 1066
385, 1066
386, 1066
387, 1066
388, 1066
389, 1066
390, 1066
391, 1066
392, 1066
393, 1066
394, 1066
395, 1066
396, 1066
397, 1066
398, 1066
399, 1066
400, 1066
401, 1066
402, 1066
403, 1066
404, 1066
405, 1066
406, 1066
407, 1066
408, 1066
409, 1066
410, 1066
411, 1066
412, 1066
413, 1066
414, 1066
415, 1066
416, 1066
417, 1066
418, 1066
419, 1066
420, 1066
421, 1066
422, 1066
423, 1066
424, 1066
425, 1066
426, 1066
427, 1066
428, 1066
429, 1066
430, 1066
431, 1066
432, 1066
433, 1066
434, 1066
435, 1066
436, 1066
437, 1066
438, 1066
439, 1066
440, 1066
441, 1066
442, 1066
443, 1066
444, 1066
445, 1066
446, 1066
447, 1066
448, 1066
449, 1066
450, 1066
451, 1066
452, 1066
453, 1066
454, 1066
455, 1066
456, 1066
457, 1066
458, 1066
459, 1066
460, 1066
461, 1066
462, 1066
463, 1066
464, 1066
465, 1066
466, 1066
467, 1066
468, 1066
469, 1066
470, 1066
471, 1066
472, 1066
473, 1066
474, 1066
475, 1066
476, 1066
477, 1066
478, 1066
479, 1066
480, 1066
481, 1066
482, 1066
483, 1066
484, 1066
485, 1066
486, 1066
487, 1066
488, 1066
489, 1066
490, 1066
491, 1066
492, 1066
493, 1066
494, 1066
495, 1066
496, 1066
497, 1066
498, 1066
499, 1066
500, 1066
501, 1066
502, 1066
503, 1066
504, 1066
505, 1066
506, 1066
507, 1066
508, 1066
509, 1066
510, 1066
511, 1066
512, 1066
513, 1066
514, 1066
515, 1066
516, 1066
517, 1066
518, 1066
519, 1066
520, 1066
521, 1066
522, 1066
523, 1066
524, 1066
525, 1066
526, 1066
527, 1066
528, 1066
529, 1066
530, 1066
531, 1066
532, 1066
533, 1066
534, 1066
535, 1066
536, 1066
537, 1066
538, 1066
539, 1066
540, 1066
541, 1066
542, 1066
543, 1066
544, 1066
545, 1066
546, 1066
547, 1066
548, 1066
549, 1066
550, 1066
551, 1066
552, 1066
553, 1066
554, 1066
555, 1066
556, 1066
557, 1066
558, 1066
559, 1066
560, 1066
561, 1066
562, 1066
563, 1066
564, 1066
565, 1066
566, 1066
567, 1066
568, 1066
569, 1066
570, 1066
571, 1066
572, 1066
573, 1066
574, 1066
575, 1066
576, 1066
577, 1066
578, 1066
579, 1066
580, 1066
581, 1066
582, 1066
583, 1066
584, 1066
585, 1066
586, 1066
587, 1066
588, 1066
589, 1066
590, 1066
591, 1066
592, 1066
593, 1066
594, 1066
595, 1066
596, 1066
597, 1066
598, 1066
599, 1066
600, 1066
601, 1066
602, 1066
603, 1066
604, 1066
605, 1066
606, 1066
607, 1066
608, 1066
609, 1066
610, 1066
611, 1066
612, 1066
613, 1066
614, 1066
615, 1066
616, 1066
617, 1066
618, 1066
619, 1066
620, 1066
621, 1066
622, 1066
623, 1066
624, 1066
625, 1066
626, 1066
627, 1066
628, 1066
629, 1066
630, 1066
631, 1066
632, 1066
633, 1066
634, 1066
635, 1066
636, 1066
637, 1066
638, 1066
639, 1066
640, 1066
641, 1066
642, 1066
643, 1066
644, 1066
645, 1066
646, 1066
647, 1066
648, 1066
649, 1066
650, 1066
651, 1066
652, 1066
653, 1066
654, 1066
655, 1066
656, 1066
657, 1066
658, 1066
659, 1066
660, 1066
661, 1066
662, 1066
663, 1066
664, 1066
665, 1066
666, 1066
667, 1066
668, 1066
669, 1066
670, 1066
671, 1066
672, 1066
673, 1066
674, 1066
675, 1066
676, 1066
677, 1066
678, 1066
679, 1066
680, 1066
681, 1066
682, 1066
683, 1066
684, 1066
685, 1066
686, 1066
687, 1066
688, 1066
689, 1066
690, 1066
691, 1066
692, 1066
693, 1066
694, 1066
695, 1066
696, 1066
697, 1066
698, 1066
699, 1066
700, 1066
701, 1066
702, 1066
703, 1066
704, 1066
705, 1066
706, 1066
707, 1066
708, 1066
709, 1066
710, 1066
711, 1066
712, 1066
713, 1066
714, 1066
715, 1066
716, 1066
717, 1066
718, 1066
719, 1066
720, 1066
721, 1066
722, 1066
723, 1066
724, 1066
725, 1066
726, 1066
727, 1066
728, 1066
729, 1066
730, 1066
731, 1066
732, 1066
733, 1066
734, 1066
735, 1066
736, 1066
737, 1066
738, 1066
739, 1066
740, 1066
741, 1066
742, 1066
743, 1066
744, 1066
745, 1066
746, 1066
747, 1066
748, 1066
749, 1066
750, 1066
751, 1066
752, 1066
753, 1066
754, 1066
755, 1066
756, 1066
757, 1066
758, 1066
759, 1066
760, 1066
761, 1066
762, 1066
763, 1066
764, 1066
765, 1066
766, 1066
767, 1066
768, 1066
769, 1066
770, 1066
771, 1066
772, 1066
773, 1066
774, 1066
775, 1066
776, 1066
777, 1066
778, 1066
779, 1066
780, 1066
781, 1066
782, 1066
783, 1066
784, 1066
785, 1066
786, 1066
787, 1066
788, 1066
789, 1066
790, 1066
791, 1066
792, 1066
793, 1066
794, 1066
795, 1066
796, 1066
797, 1066
798, 1066
799, 1066
800, 1066
801, 1066
802, 1066
803, 1066
804, 1066
805, 1066
806, 1066
807, 1066
808, 1066
809, 1066
810, 1066
811, 1066
812, 1066
813, 1066
814, 1066
815, 1066
816, 1066
817, 1066
818, 1066
819, 1066
820, 1066
821, 1066
822, 1066
823, 1066
824, 1066
825, 1066
826, 1066
827, 1066
828, 1066
829, 1066
830, 1066
831, 1066
832, 1066
833, 1066
834, 1066
835, 1066
836, 1066
837, 1066
838, 1066
839, 1066
840, 1066
841, 1066
842, 1066
843, 1066
844, 1066
845, 1066
846, 1066
847, 1066
848, 1066
849, 1066
850, 1066
851, 1066
852, 1066
853, 1066
854, 1066
855, 1066
856, 1066
857, 1066
858, 1066
859, 1066
860, 1066
861, 1066
862, 1066
863, 1066
864, 1066
865, 1066
866, 1066
867, 1066
868, 1066
869, 1066
870, 1066
871, 1066
872, 1066
873, 1066
874, 1066
875, 1066
876, 1066
877, 1066
878, 1066
879, 1066
880, 1066
881, 1066
882, 1066
883, 1066
884, 1066
885, 1066
886, 1066
887, 1066
888, 1066
889, 1066
890, 1066
891, 1066
892, 1066
893, 1066
894, 1066
895, 1066
896, 1066
897, 1066
898, 1066
899, 1066
900, 1066
901, 1066
902, 1066
903, 1066
904, 1066
905, 1066
906, 1066
907, 1066
908, 1066
909, 1066
910, 1066
911, 1066
912, 1066
913, 1066
914, 1066
915, 1066
916, 1066
917, 1066
918, 1066
919, 1066
920, 1066
921, 1066
922, 1066
923, 1066
924, 1066
925, 1066
926, 1066
927, 1066
928, 1066
929, 1066
930, 1066
931, 1066
932, 1066
933, 1066
934, 1066
935, 1066
936, 1066
937, 1066
938, 1066
939, 1066
940, 1066
941, 1066
942, 1066
943, 1066
944, 1066
945, 1066
946, 1066
947, 1066
948, 1066
949, 1066
950, 1066
951, 1066
952, 1066
953, 1066
954, 1066
955, 1066
956, 1066
957, 1066
958, 1066
959, 1066
960, 1066
961, 1066
962, 1066
963, 1066
964, 1066
965, 1066
966, 1066
967, 1066
968, 1066
969, 1066
970, 1066
971, 1066
972, 1066
973, 1066
974, 1066
975, 1066
976, 1066
977, 1066
978, 1066
979, 1066
980, 1066
981, 1066
982, 1066
983, 1066
984, 1066
985, 1066
986, 1066
987, 1066
988, 1066
989, 1066
990, 1066
991, 1066
992, 1066
993, 1066
994, 1066
995, 1066
996, 1066
997, 1066
998, 1066
999, 1066
1000, 1066
1001, 1066
1002, 1066
1003, 1066
1004, 1066
1005, 1066
1006, 1066
1007, 1066
1008, 1066
1009, 1066
1010, 1066
1011, 1066
1012, 1066
1013, 1066
1014, 1066
1015, 1066
1016, 1066
1017, 1066
1018, 1066
1019, 1066
1020, 1066
1021, 1066
1022, 1066
1023, 1066
1024, 1066
1025, 1066
1026, 1066
1027, 1066
1028, 1066
1029, 1066
1030, 1066
1031, 1066
1032, 1066
1033, 1066
1034, 1066
1035, 1066
1036, 1066
1037, 1066
1038, 1066
1039, 1066
1040, 1066
1041, 1066
1042, 1066
1043, 1066
1044, 1066
1045, 1066
1046, 1066
1047, 1066
1048, 1066
1049, 1066
1050, 1066
1051, 1066
1052, 1066
1053, 1066
1054, 1066
1055, 1066
1056, 1066
1057, 1066
1058, 1066
1059, 1066
1060, 1066
1061, 1066
1062, 1066
1063, 1066
1064, 1066
1065, 1066
1066, 1066
1067, 1066
1068, 1066
1069, 1066
1070, 1066
1071, 1066
1072, 1066
1073, 1066
1074, 1066
1075, 1066
1076, 1066
1077, 1066
1078, 1066
1079, 1066
1080, 1066
1081, 1066
1082, 1066
1083, 1066
1084, 1066
1085, 1066
1086, 1066
1087, 1066
1088, 1066
1089, 1066
1090, 1066
1091, 1066
1092, 1066
1093, 1066
1094, 1066
1095, 1066
1096, 1066
1097, 1066
1098, 1066
1099, 1066
1100, 1066
1101, 1066
1102, 1066
1103, 1066
1104, 1066
1105, 1066
1106, 1066
1107, 1066
1108, 1066
1109, 1066
1110, 1066
1111, 1066
1112, 1066
1113, 1066
1114, 1066
1115, 1066
1116, 1066
1117, 1066
1118, 1066
1119, 1066
1120, 1066
1121, 1066
1122, 1066
1123, 1066
1124, 1066
1125, 1066
1126, 1066
1127, 1066
1128, 1066
1129, 1066
1130, 1066
1131, 1066
1132, 1066
1133, 1066
1134, 1066
1135, 1066
1136, 1066
1137, 1066
1138, 1066
1139, 1066
1140, 1066
1141, 1066
1142, 1066
1143, 1066
1144, 1066
1145, 1066
1146, 1066
1147, 1066
1148, 1066
1149, 1066
1150, 1066
1151, 1066
1152, 1066
1153, 1066
1154, 1066
1155, 1066
1156, 1066
1157, 1066
1158, 1066
1159, 1066
1160, 1066
1161, 1066
1162, 1066
1163, 1066
1164, 1066
1165, 1066
1166, 1066
1167, 1066
1168, 1066
1169, 1066
1170, 1066
1171, 1066
1172, 1066
1173, 1066
1174, 1066
1175, 1066
1176, 1066
1177, 1066
1178, 1066
1179, 1066
1180, 1066
1181, 1066
1182, 1066
1183, 1066
1184, 1066
1185, 1066
1186, 1066
1187, 1066
1188, 1066
1189, 1066
1190, 1066
1191, 1066
1192, 1066
1193, 1066
1194, 1066
1195, 1066
1196, 1066
1197, 1066
1198, 1066
1199, 1066
1200, 1066
1201, 1066
1202, 1066
1203, 1066
1204, 1066
1205, 1066
1206, 1066
1207, 1066
1208, 1066
1209, 1066
1210, 1066
1211, 1066
1212, 1066
1213, 1066
1214, 1066
1215, 1066
1216, 1066
1217, 1066
1218, 1066
1219, 1066
1220, 1066
1221, 1066
1222, 1066
1223, 1066
1224, 1066
1225, 1066
1226, 1066
1227, 1066
1228, 1066
1229, 1066
1230, 1066
1231, 1066
1232, 1066
1233, 1066
1234, 1066
1235, 1066
1236, 1066
1237, 1066
1238, 1066
1239, 1066
1240, 1066
1241, 1066
1242, 1066
1243, 1066
1244, 1066
1245, 1066
1246, 1066
1247, 1066
1248, 1066
1249, 1066
1250, 1066
1251, 1066
1252, 1066
1253, 1066
1254, 1066
1255, 1066
1256, 1066
1257, 1066
1258, 1066
1259, 1066
1260, 1066
1261, 1066
1262, 1066
1263, 1066
1264, 1066
1265, 1066
1266, 1066
1267, 1066
1268, 1066
1269, 1066
1270, 1066
1271, 1066
1272, 1066
1273, 1066
1274, 1066
1275, 1066
1276, 1066
1277, 1066
1278, 1066
1279, 1066
1280, 1066
1281, 1066
1282, 1066
1283, 1066
1284, 1066
1285, 1066
1286, 1066
1287, 1066
1288, 1066
1289, 1066
1290, 1066
1291, 1066
1292, 1066
1293, 1066
1294, 1066
1295, 1066
1296, 1066
1297, 1066
1298, 1066
1299, 1066
1300, 1066
1301, 1066
1302, 1066
1303, 1066
1304, 1066
1305, 1066
1306, 1066
1307, 1066
1308, 1066
1309, 1066
1310, 1066
1311, 1066
1312, 1066
1313, 1066
1314, 1066
1315, 1066
1316, 1066
1317, 1066
1318, 1066
1319, 1066
1320, 1066
1321, 1066
1322, 1066
1323, 1066
1324, 1066
1325, 1066
1326, 1066
1327, 1066
1328, 1066
1329, 1066
1330, 1066
1331, 1066
1332, 1066
1333, 1066
1334, 1066
1335, 1066
1336, 1066
1337, 1066
1338, 1066
1339, 1066
1340, 1066
1341, 1066
1342, 1066
1343, 1066
1344, 1066
1345, 1066
1346, 1066
1347, 1066
1348, 1066
1349, 1066
1350, 1066
1351, 1066
1352, 1066
1353, 1066
1354, 1066
1355, 1066
1356, 1066
1357, 1066
1358, 1066
1359, 1066
1360, 1066
1361, 1066
1362, 1066
1363, 1066
1364, 1066
1365, 1066
1366, 1066
1367, 1066
1368, 1066
1369, 1066
1370, 1066
1371, 1066
1372, 1066
1373, 1066
1374, 1066
1375, 1066
1376, 1066
1377, 1066
1378, 1066
1379, 1066
1380, 1066
1381, 1066
1382, 1066
1383, 1066
1384, 1066
1385, 1066
1386, 1066
1387, 1066
1388, 1066
1389, 1066
1390, 1066
1391, 1066
1392, 1066
1393, 1066
1394, 1066
1395, 1066
1396, 1066
1397, 1066
1398, 1066
1399, 1066
1400, 1066
1401, 1066
1402, 1066
1403, 1066
1404, 1066
1405, 1066
1406, 1066
1407, 1066
1408, 1066
1409, 1066
1410, 1066
1411, 1066
1412, 1066
1413, 1066
1414, 1066
1415, 1066
1416, 1066
1417, 1066
1418, 1066
1419, 1066
1420, 1066
1421, 1066
1422, 1066
1423, 1066
1424, 1066
1425, 1066
1426, 1066
1427, 1066
1428, 1066
1429, 1066
1430, 1066
1431, 1066
1432, 1066
1433, 1066
1434, 1066
1435, 1066
1436, 1066
1437, 1066
1438, 1066
1439, 1066
1440, 1066
1441, 1066
1442, 1066
1443, 1066
1444, 1066
1445, 1066
1446, 1066
1447, 1066
1448, 1066
1449, 1066
1450, 1066
1451, 1066
1452, 1066
1453, 1066
1454, 1066
1455, 1066
1456, 1066
1457, 1066
1458, 1066
1459, 1066
1460, 1065
1461, 1064
1462, 1063
1462, 1062
1462, 1061
1462, 1060
1462, 1059
1462, 1058
1462, 1057
1462, 1056
1462, 1055
1462, 1054
1462, 1053
1462, 1052
1462, 1051
1462, 1050
1462, 1049
1462, 1048
1462, 1047
1462, 1046
1462, 1045
1462, 1044
1462, 1043
1462, 1042
1462, 1041
1462, 1040
1462, 1039
1462, 1038
1462, 1037
1462, 1036
1462, 1035
1462, 1034
1462, 1033
1462, 1032
1462, 1031
1462, 1030
1462, 1029
1462, 1028
1462, 1027
1462, 1026
1462, 1025
1462, 1024
1462, 1023
1462, 1022
1462, 1021
1462, 1020
1462, 1019
1462, 1018
1462, 1017
1462, 1016
1462, 1015
1462, 1014
1462, 1013
1462, 1012
1462, 1011
1462, 1010
1462, 1009
1462, 1008
1462, 1007
1462, 1006
1462, 1005
1462, 1004
1462, 1003
1462, 1002
1462, 1001
1462, 1000
1462, 999
1462, 998
1462, 997
1462, 996
1462, 995
1462, 994
1462, 993
1462, 992
1462, 991
1462, 990
1462, 989
1462, 988
1462, 987
1462, 986
1462, 985
1462, 984
1462, 983
1462, 982
1462, 981
1462, 980
1462, 979
1462, 978
1462, 977
1462, 976
1462, 975
1462, 974
1462, 973
1462, 972
1462, 971
1462, 970
1462, 969
1462, 968
1462, 967
1462, 966
1462, 965
1462, 964
1462, 963
1462, 962
1462, 961
1462, 960
1462, 959
1462, 958
1462, 957
1462, 956
1462, 955
1462, 954
1462, 953
1462, 952
1462, 951
1462, 950
1462, 949
1462, 948
1462, 947
1462, 946
1462, 945
1462, 944
1462, 943
1462, 942
1462, 941
1462, 940
1462, 939
1462, 938
1462, 937
1462, 936
1462, 935
1462, 934
1462, 933
1462, 932
1462, 931
1462, 930
1462, 929
1462, 928
1462, 927
1462, 926
1462, 925
1462, 924
1462, 923
1462, 922
1462, 921
1462, 920
1462, 919
1462, 918
1462, 917
1462, 916
1462, 915
1462, 914
1462, 913
1462, 912
1462, 911
1462, 910
1462, 909
1462, 908
1462, 907
1462, 906
1462, 905
1462, 904
1462, 903
1462, 902
1462, 901
1462, 900
1462, 899
1462, 898
1462, 897
1462, 896
1462, 895
1462, 894
1462, 893
1462, 892
1462, 891
1462, 890
1462, 889
1462, 888
1462, 887
1462, 886
1462, 885
1462, 884
1462, 883
1462, 882
1462, 881
1462, 880
1462, 879
1462, 878
1462, 877
1462, 876
1462, 875
1462, 874
1462, 873
1462, 872
1462, 871
1462, 870
1462, 869
1462, 868
1462, 867
1462, 866
1462, 865
1462, 864
1462, 863
1462, 862
1462, 861
1462, 860
1462, 859
1462, 858
1462, 857
1462, 856
1462, 855
1462, 854
1462, 853
1462, 852
1462, 851
1462, 850
1462, 849
1462, 848
1462, 847
1462, 846
1462, 845
1462, 844
1462, 843
1462, 842
1462, 841
1462, 840
1462, 839
1462, 838
1462, 837
1462, 836
1462, 835
1462, 834
1462, 833
1462, 832
1462, 831
1462, 830
1462, 829
1462, 828
1462, 827
1462, 826
1462, 825
1462, 824
1462, 823
1462, 822
1462, 821
1462, 820
1462, 819
1462, 818
1462, 817
1462, 816
1462, 815
1462, 814
1462, 813
1462, 812
1462, 811
1462, 810
1462, 809
1462, 808
1462, 807
1462, 806
1462, 805
1462, 804
1462, 803
1462, 802
1462, 801
1462, 800
1462, 799
1462, 798
1462, 797
1462, 796
1462, 795
1462, 794
1462, 793
1462, 792
1462, 791
1462, 790
1462, 789
1462, 788
1462, 787
1462, 786
1462, 785
1462, 784
1462, 783
1462, 782
1462, 781
1462, 780
1462, 779
1462, 778
1462, 777
1462, 776
1462, 775
1462, 774
1462, 773
1462, 772
1462, 771
1462, 770
1462, 769
1462, 768
1462, 767
1462, 766
1462, 765
1462, 764
1462, 763
1462, 762
1462, 761
1462, 760
1462, 759
1462, 758
1462, 757
1462, 756
1462, 755
1462, 754
1462, 753
1462, 752
1462, 751
1462, 750
1462, 749
1462, 748
1462, 747
1462, 746
1462, 745
1462, 744
1462, 743
1462, 742
1462, 741
1462, 740
1462, 739
1462, 738
1462, 737
1462, 736
1462, 735
1462, 734
1462, 733
1462, 732
1462, 731
1462, 730
1462, 729
1462, 728
1462, 727
1462, 726
1462, 725
1462, 724
1462, 723
1462, 722
1462, 721
1462, 720
1462, 719
1462, 718
1462, 717
1462, 716
1462, 715
1462, 714
1462, 713
1462, 712
1462, 711
1462, 710
1462, 709
1462, 708
1462, 707
1462, 706
1462, 705
1462, 704
1462, 703
1462, 702
1462, 701
1462, 700
1462, 699
1462, 698
1462, 697
1462, 696
1462, 695
1462, 694
1462, 693
1462, 692
1462, 691
1462, 690
1462, 689
1462, 688
1462, 687
1462, 686
1462, 685
1462, 684
1462, 683
1462, 682
1462, 681
1462, 680
1462, 679
1462, 678
1462, 677
1462, 676
1462, 675
1462, 674
1462, 673
1462, 672
1462, 671
1462, 670
1462, 669
1462, 668
1462, 667
1462, 666
1462, 665
1462, 664
1462, 663
1462, 662
1462, 661
1462, 660
1462, 659
1462, 658
1462, 657
1462, 656
1462, 655
1462, 654
1462, 653
1462, 652
1462, 651
1462, 650
1462, 649
1462, 648
1462, 647
1462, 646
1462, 645
1462, 644
1462, 643
1462, 642
1462, 641
1462, 640
1462, 639
1462, 638
1462, 637
1462, 636
1462, 635
1462, 634
1462, 633
1462, 632
1462, 631
1462, 630
1462, 629
1462, 628
1462, 627
1462, 626
1462, 625
1462, 624
1462, 623
1462, 622
1462, 621
1462, 620
1462, 619
1462, 618
1462, 617
1462, 616
1462, 615
1462, 614
1462, 613
1462, 612
1462, 611
1462, 610
1462, 609
1462, 608
1462, 607
1462, 606
1462, 605
1462, 604
1462, 603
1462, 602
1462, 601
1462, 600
1462, 599
1462, 598
1462, 597
1462, 596
1462, 595
1462, 594
1462, 593
1462, 592
1462, 591
1462, 590
1462, 589
1462, 588
1462, 587
1462, 586
1462, 585
1462, 584
1462, 583
1462, 582
1462, 581
1462, 580
1462, 579
1462, 578
1462, 577
1462, 576
1462, 575
1462, 574
1462, 573
1462, 572
1462, 571
1462, 570
1462, 569
1462, 568
1462, 567
1462, 566
1462, 565
1462, 564
1462, 563
1462, 562
1462, 561
1462, 560
1462, 559
1462, 558
1462, 557
1462, 556
1462, 555
1462, 554
1462, 553
1462, 552
1462, 551
1462, 550
1462, 549
1462, 548
1462, 547
1462, 546
1462, 545
1462, 544
1462, 543
1462, 542
1462, 541
1462, 540
1462, 539
1462, 538
1462, 537
1462, 536
1462, 535
1462, 534
1462, 533
1462, 532
1462, 531
1462, 530
1462, 529
1462, 528
1462, 527
1462, 526
1462, 525
1462, 524
1462, 523
1462, 522
1462, 521
1462, 520
1462, 519
1462, 518
1462, 517
1462, 516
1462, 515
1462, 514
1462, 513
1462, 512
1462, 511
1462, 510
1462, 509
1462, 508
1462, 507
1462, 506
1462, 505
1462, 504
1462, 503
1462, 502
1462, 501
1462, 500
1462, 499
1462, 498
1462, 497
1462, 496
1462, 495
1462, 494
1462, 493
1462, 492
1462, 491
1462, 490
1462, 489
1462, 488
1462, 487
1462, 486
1462, 485
1462, 484
1462, 483
1462, 482
1462, 481
1462, 480
1462, 479
1462, 478
1462, 477
1462, 476
1462, 475
1462, 474
1462, 473
1462, 472
1462, 471
1462, 470
1462, 469
1462, 468
1462, 467
1462, 466
1462, 465
1462, 464
1462, 463
1462, 462
1462, 461
1462, 460
1462, 459
1462, 458
1462, 457
1462, 456
1462, 455
1462, 454
1462, 453
1462, 452
1462, 451
1462, 450
1462, 449
1462, 448
1462, 447
1462, 446
1462, 445
1462, 444
1462, 443
1462, 442
1462, 441
1462, 440
1462, 439
1462, 438
1462, 437
1462, 436
1462, 435
1462, 434
1462, 433
1462, 432
1462, 431
1462, 430
1462, 429
1462, 428
1462, 427
1462, 426
1462, 425
1462, 424
1462, 423
1462, 422
1462, 421
1462, 420
1462, 419
1462, 418
1462, 417
1462, 416
1462, 415
1462, 414
1462, 413
1462, 412
1462, 411
1462, 410
1462, 409
1462, 408
1462, 407
1462, 406
1462, 405
1462, 404
1462, 403
1462, 402
1462, 401
1462, 400
1462, 399
1462, 398
1462, 397
1462, 396
1462, 395
1462, 394
1462, 393
1462, 392
1462, 391
1462, 390
1462, 389
1462, 388
1462, 387
1462, 386
1462, 385
1462, 384
1462, 383
1462, 382
1462, 381
1462, 380
1462, 379
1462, 378
1462, 377
1462, 376
1462, 375
1462, 374
1462, 373
1462, 372
1462, 371
1462, 370
1462, 369
1462, 368
1462, 367
1462, 366
1462, 365
1462, 364
1462, 363
1462, 362
1462, 361
1462, 360
1462, 359
1462, 358
1462, 357
1462, 356
1462, 355
1462, 354
1462, 353
1462, 352
1462, 351
1462, 350
1462, 349
1462, 348
1462, 347
1462, 346
1462, 345
1462, 344
1462, 343
1462, 342
1462, 341
1462, 340
1462, 339
1462, 338
1462, 337
1462, 336
1462, 335
1462, 334
1462, 333
1462, 332
1462, 331
1462, 330
1462, 329
1462, 328
1462, 327
1462, 326
1462, 325
1462, 324
1462, 323
1462, 322
1462, 321
1462, 320
1462, 319
1462, 318
1462, 317
1462, 316
1462, 315
1462, 314
1462, 313
1462, 312
1462, 311
1462, 310
1462, 309
1462, 308
1462, 307
1462, 306
1462, 305
1462, 304
1462, 303
1462, 302
1462, 301
1462, 300
1462, 299
1462, 298
1462, 297
1462, 296
1462, 295
1462, 294
1462, 293
1462, 292
1462, 291
1462, 290
1462, 289
1462, 288
1462, 287
1462, 286
1462, 285
1462, 284
1462, 283
1462, 282
1462, 281
1462, 280
1462, 279
1462, 278
1462, 277
1462, 276
1462, 275
1462, 274
1462, 273
1462, 272
1462, 271
1462, 270
1462, 269
1462, 268
1462, 267
1462, 266
1462, 265
1462, 264
1462, 263
1462, 262
1462, 261
1462, 260
1462, 259
1462, 258
1462, 257
1462, 256
1462, 255
1462, 254
1462, 253
1462, 252
1462, 251
1462, 250
1462, 249
1462, 248
1462, 247
1462, 246
1462, 245
1462, 244
1462, 243
1462, 242
1462, 241
1462, 240
1462, 239
1462, 238
1462, 237
1462, 236
1462, 235
1462, 234
1462, 233
1462, 232
1462, 231
1462, 230
1462, 229
1462, 228
1462, 227
1462, 226
1462, 225
1462, 224
1462, 223
1462, 222
1462, 221
1462, 220
1462, 219
1462, 218
1462, 217
1462, 216
1462, 215
1462, 214
1462, 213
1462, 212
1462, 211
1462, 210
1462, 209
1462, 208
1462, 207
1462, 206
1462, 205
1462, 204
1462, 203
1462, 202
1462, 201
1462, 200
1462, 199
1462, 198
1462, 197
1462, 196
1462, 195
1462, 194
1462, 193
1462, 192
1462, 191
1462, 190
1462, 189
1462, 188
1462, 187
1462, 186
1462, 185
1462, 184
1462, 183
1462, 182
1462, 181
1462, 180
1462, 179
1462, 178
1462, 177
1462, 176
1462, 175
1462, 174
1462, 173
1462, 172
1462, 171
1462, 170
1462, 169
1462, 168
1462, 167
1462, 166
1462, 165
1462, 164
1462, 163
1462, 162
1462, 161
1462, 160
1462, 159
1462, 158
1462, 157
1462, 156
1462, 155
1462, 154
1462, 153
1462, 152
1462, 151
1462, 150
1462, 149
1462, 148
1462, 147
1462, 146
1462, 145
1462, 144
1462, 143
1462, 142
1462, 141
1462, 140
1462, 139
1462, 138
1462, 137
1462, 136
1462, 135
1462, 134
1462, 133
1462, 132
1462, 131
1462, 130
1462, 129
1462, 128
1462, 127
1462, 126
1462, 125
1462, 124
1462, 123
1462, 122
1462, 121
1462, 120
1462, 119
1462, 118
1462, 117
1462, 116
1462, 115
1462, 114
1462, 113
1462, 112
1462, 111
1462, 110
1462, 109
1462, 108
1462, 107
1462, 106
1462, 105
1462, 104
1462, 103
1462, 102
1462, 101
1462, 100
1462, 99
1462, 98
1462, 97
1462, 96
1462, 95
1462, 94
1462, 93
1462, 92
1462, 91
1462, 90
1462, 89
1462, 88
1462, 87
1462, 86
1462, 85
1462, 84
1462, 83
1462, 82
1462, 81
1462, 80
1462, 79
1462, 78
1462, 77
1462, 76
1462, 75
1462, 74
1462, 73
1462, 72
1462, 71
1462, 70
1462, 69
1462, 68
1462, 67
1462, 66
1462, 65
1462, 64
1462, 63
1462, 62
1462, 61
1462, 60
1462, 59
1462, 58
1462, 57
1462, 56
1462, 55
1462, 54
1462, 53
1462, 52
1462, 51
1462, 50
1461, 49
1460, 48
1459, 47
1458, 46
1457, 45
1456, 45
1455, 45
1454, 45
1453, 45
1452, 45
1451, 45
1450, 45
1449, 45
1448, 45
1447, 45
1446, 45
1445, 45
1444, 45
1443, 45
1442, 45
1441, 45
1440, 45
1439, 45
1438, 45
1437, 45
1436, 45
1435, 45
1434, 45
1433, 45
1432, 45
1431, 45
1430, 45
1429, 45
1428, 45
1427, 45
1426, 45
1425, 45
1424, 45
1423, 45
1422, 45
1421, 45
1420, 45
1419, 45
1418, 45
1417, 45
1416, 45
1415, 45
1414, 45
1413, 45
1412, 45
1411, 45
1410, 45
1409, 45
1408, 45
1407, 45
1406, 45
1405, 45
1404, 45
1403, 45
1402, 45
1401, 45
1400, 45
1399, 45
1398, 45
1397, 45
1396, 45
1395, 45
1394, 45
1393, 45
1392, 45
1391, 45
1390, 45
1389, 45
1388, 45
1387, 45
1386, 45
1385, 45
1384, 45
1383, 45
1382, 45
1381, 45
1380, 45
1379, 45
1378, 45
1377, 45
1376, 45
1375, 45
1374, 45
1373, 45
1372, 45
1371, 45
1370, 45
1369, 45
1368, 45
1367, 45
1366, 45
1365, 45
1364, 45
1363, 45
1362, 45
1361, 45
1360, 45
1359, 45
1358, 45
1357, 45
1356, 45
1355, 45
1354, 45
1353, 45
1352, 45
1351, 45
1350, 45
1349, 45
1348, 45
1347, 45
1346, 45
1345, 45
1344, 45
1343, 45
1342, 45
1341, 45
1340, 45
1339, 45
1338, 45
1337, 45
1336, 45
1335, 45
1334, 45
1333, 45
1332, 45
1331, 45
1330, 45
1329, 45
1328, 45
1327, 45
1326, 45
1325, 45
1324, 45
1323, 45
1322, 45
1321, 45
1320, 45
1319, 45
1318, 45
1317, 45
1316, 45
1315, 45
1314, 45
1313, 45
1312, 45
1311, 45
1310, 45
1309, 45
1308, 45
1307, 45
1306, 45
1305, 45
1304, 45
1303, 45
1302, 45
1301, 45
1300, 45
1299, 45
1298, 45
1297, 45
1296, 45
1295, 45
1294, 45
1293, 45
1292, 45
1291, 45
1290, 45
1289, 45
1288, 45
1287, 45
1286, 45
1285, 45
1284, 45
1283, 45
1282, 45
1281, 45
1280, 45
1279, 45
1278, 45
1277, 45
1276, 45
1275, 45
1274, 45
1273, 45
1272, 45
1271, 45
1270, 45
1269, 45
1268, 45
1267, 45
1266, 45
1265, 45
1264, 45
1263, 45
1262, 45
1261, 45
1260, 45
1259, 45
1258, 45
1257, 45
1256, 45
1255, 45
1254, 45
1253, 45
1252, 45
1251, 45
1250, 45
1249, 45
1248, 45
1247, 45
1246, 45
1245, 45
1244, 45
1243, 45
1242, 45
1241, 45
1240, 45
1239, 45
1238, 45
1237, 45
1236, 45
1235, 45
1234, 45
1233, 45
1232, 45
1231, 45
1230, 45
1229, 45
1228, 45
1227, 45
1226, 45
1225, 45
1224, 45
1223, 45
1222, 45
1221, 45
1220, 45
1219, 45
1218, 45
1217, 45
1216, 45
1215, 45
1214, 45
1213, 45
1212, 45
1211, 45
1210, 45
1209, 45
1208, 45
1207, 45
1206, 45
1205, 45
1204, 45
1203, 45
1202, 45
1201, 45
1200, 45
1199, 45
1198, 45
1197, 45
1196, 45
1195, 45
1194, 45
1193, 45
1192, 45
1191, 45
1190, 45
1189, 45
1188, 45
1187, 45
1186, 45
1185, 45
1184, 45
1183, 45
1182, 45
1181, 45
1180, 45
1179, 45
1178, 45
1177, 45
1176, 45
1175, 45
1174, 45
1173, 45
1172, 45
1171, 45
1170, 45
1169, 45
1168, 45
1167, 45
1166, 45
1165, 45
1164, 45
1163, 45
1162, 45
1161, 45
1160, 45
1159, 45
1158, 45
1157, 45
1156, 45
1155, 45
1154, 45
1153, 45
1152, 45
1151, 45
1150, 45
1149, 45
1148, 45
1147, 45
1146, 45
1145, 45
1144, 45
1143, 45
1142, 45
1141, 45
1140, 45
1139, 45
1138, 45
1137, 45
1136, 45
1135, 45
1134, 45
1133, 45
1132, 45
1131, 45
1130, 45
1129, 45
1128, 45
1127, 45
1126, 45
1125, 45
1124, 45
1123, 45
1122, 45
1121, 45
1120, 45
1119, 45
1118, 45
1117, 45
1116, 45
1115, 45
1114, 45
1113, 45
1112, 45
1111, 45
1110, 45
1109, 45
1108, 45
1107, 45
1106, 45
1105, 45
1104, 45
1103, 45
1102, 45
1101, 45
1100, 45
1099, 45
1098, 45
1097, 45
1096, 45
1095, 45
1094, 45
1093, 45
1092, 45
1091, 45
1090, 45
1089, 45
1088, 45
1087, 45
1086, 45
1085, 45
1084, 45
1083, 45
1082, 45
1081, 45
1080, 45
1079, 45
1078, 45
1077, 45
1076, 45
1075, 45
1074, 45
1073, 45
1072, 45
1071, 45
1070, 45
1069, 45
1068, 45
1067, 45
1066, 45
1065, 45
1064, 45
1063, 45
1062, 45
1061, 45
1060, 45
1059, 45
1058, 45
1057, 45
1056, 45
1055, 45
1054, 45
1053, 45
1052, 45
1051, 45
1050, 45
1049, 45
1048, 45
1047, 45
1046, 45
1045, 45
1044, 45
1043, 45
1042, 45
1041, 45
1040, 45
1039, 45
1038, 45
1037, 45
1036, 45
1035, 45
1034, 45
1033, 45
1032, 45
1031, 45
1030, 45
1029, 45
1028, 45
1027, 45
1026, 45
1025, 45
1024, 45
1023, 45
1022, 45
1021, 45
1020, 45
1019, 45
1018, 45
1017, 45
1016, 45
1015, 45
1014, 45
1013, 45
1012, 45
1011, 45
1010, 45
1009, 45
1008, 45
1007, 45
1006, 45
1005, 45
1004, 45
1003, 45
1002, 45
1001, 45
1000, 45
999, 45
998, 45
997, 45
996, 45
995, 45
994, 45
993, 45
992, 45
991, 45
990, 45
989, 45
988, 45
987, 45
986, 45
985, 45
984, 45
983, 45
982, 45
981, 45
980, 45
979, 45
978, 45
977, 45
976, 45
975, 45
974, 45
973, 45
972, 45
971, 45
970, 45
969, 45
968, 45
967, 45
966, 45
965, 45
964, 45
963, 45
962, 45
961, 45
960, 45
959, 45
958, 45
957, 45
956, 45
955, 45
954, 45
953, 45
952, 45
951, 45
950, 45
949, 45
948, 45
947, 45
946, 45
945, 45
944, 45
943, 45
942, 45
941, 45
940, 45
939, 45
938, 45
937, 45
936, 45
935, 45
934, 45
933, 45
932, 45
931, 45
930, 45
929, 45
928, 45
927, 45
926, 45
925, 45
924, 45
923, 45
922, 45
921, 45
920, 45
919, 45
918, 45
917, 45
916, 45
915, 45
914, 45
913, 45
912, 45
911, 45
910, 45
909, 45
908, 45
907, 45
906, 45
905, 45
904, 45
903, 45
902, 45
901, 45
900, 45
899, 45
898, 45
897, 45
896, 45
895, 45
894, 45
893, 45
892, 45
891, 45
890, 45
889, 45
888, 45
887, 45
886, 45
885, 45
884, 45
883, 45
882, 45
881, 45
880, 45
879, 45
878, 45
877, 45
876, 45
875, 45
874, 45
873, 45
872, 45
871, 45
870, 45
869, 45
868, 45
867, 45
866, 45
865, 45
864, 45
863, 45
862, 45
861, 45
860, 45
859, 45
858, 45
857, 45
856, 45
855, 45
854, 45
853, 45
852, 45
851, 45
850, 45
849, 45
848, 45
847, 45
846, 45
845, 45
844, 45
843, 45
842, 45
841, 45
840, 45
839, 45
838, 45
837, 45
836, 45
835, 45
834, 45
833, 45
832, 45
831, 45
830, 45
829, 45
828, 45
827, 45
826, 45
825, 45
824, 45
823, 45
822, 45
821, 45
820, 45
819, 45
818, 45
817, 45
816, 45
815, 45
814, 45
813, 45
812, 45
811, 45
810, 45
809, 45
808, 45
807, 45
806, 45
805, 45
804, 45
803, 45
802, 45
801, 45
800, 45
799, 45
798, 45
797, 45
796, 45
795, 45
794, 45
793, 45
792, 45
791, 45
790, 45
789, 45
788, 45
787, 45
786, 45
785, 45
784, 45
783, 45
782, 45
781, 45
780, 45
779, 45
778, 45
777, 45
776, 45
775, 45
774, 45
773, 45
772, 45
771, 45
770, 45
769, 45
768, 45
767, 45
766, 45
765, 45
764, 45
763, 45
762, 45
761, 45
760, 45
759, 45
758, 45
757, 45
756, 45
755, 45
754, 45
753, 45
752, 45
751, 45
750, 45
749, 45
748, 45
747, 45
746, 45
745, 45
744, 45
743, 45
742, 45
741, 45
740, 45
739, 45
738, 45
737, 45
736, 45
735, 45
734, 45
733, 45
732, 45
731, 45
730, 45
729, 45
728, 45
727, 45
726, 45
725, 45
724, 45
723, 45
722, 45
721, 45
720, 45
719, 45
718, 45
717, 45
716, 45
715, 45
714, 45
713, 45
712, 45
711, 45
710, 45
709, 45
708, 45
707, 45
706, 45
705, 45
704, 45
703, 45
702, 45
701, 45
700, 45
699, 45
698, 45
697, 45
696, 45
695, 45
694, 45
693, 45
692, 45
691, 45
690, 45
689, 45
688, 45
687, 45
686, 45
685, 45
684, 45
683, 45
682, 45
681, 45
680, 45
679, 45
678, 45
677, 45
676, 45
675, 45
674, 45
673, 45
672, 45
671, 45
670, 45
669, 45
668, 45
667, 45
666, 45
665, 45
664, 45
663, 45
662, 45
661, 45
660, 45
659, 45
658, 45
657, 45
656, 45
655, 45
654, 45
653, 45
652, 45
651, 45
650, 45
649, 45
648, 45
647, 45
646, 45
645, 45
644, 45
643, 45
642, 45
641, 45
640, 45
639, 45
638, 45
637, 45
636, 45
635, 45
634, 45
633, 45
632, 45
631, 45
630, 45
629, 45
628, 45
627, 45
626, 45
625, 45
624, 45
623, 45
622, 45
621, 45
620, 45
619, 45
618, 45
617, 45
616, 45
615, 45
614, 45
613, 45
612, 45
611, 45
610, 45
609, 45
608, 45
607, 45
606, 45
605, 45
604, 45
603, 45
602, 45
601, 45
600, 45
599, 45
598, 45
597, 45
596, 45
595, 45
594, 45
593, 45
592, 45
591, 45
590, 45
589, 45
588, 45
587, 45
586, 45
585, 45
584, 45
583, 45
582, 45
581, 45
580, 45
579, 45
578, 45
577, 45
576, 45
575, 45
574, 45
573, 45
572, 45
571, 45
570, 45
569, 45
568, 45
567, 45
566, 45
565, 45
564, 45
563, 45
562, 45
561, 45
560, 45
559, 45
558, 45
557, 45
556, 45
555, 45
554, 45
553, 45
552, 45
551, 45
550, 45
549, 45
548, 45
547, 45
546, 45
545, 45
544, 45
543, 45
542, 45
541, 45
540, 45
539, 45
538, 45
537, 45
536, 45
535, 45
534, 45
533, 45
532, 45
531, 45
530, 45
529, 45
528, 45
527, 45
526, 45
525, 45
524, 45
523, 45
522, 45
521, 45
520, 45
519, 45
518, 45
517, 45
516, 45
515, 45
514, 46
513, 46
512, 46
511, 47
510, 48
509, 49
509, 50
509, 51
510, 52
510, 53
510, 54
510, 55
510, 56
510, 57
510, 58
510, 59
510, 60
510, 61
510, 62
510, 63
510, 64
510, 65
510, 66
510, 67
510, 68
510, 69
510, 70
510, 71
510, 72
510, 73
510, 74
510, 75
510, 76
510, 77
510, 78
510, 79
510, 80
510, 81
511, 82
511, 83
511, 84
512, 85
513, 86
514, 87
515, 88
516, 89
517, 90
518, 91
519, 92
520, 93
521, 94
522, 95
523, 96
524, 97
525, 98
526, 99
527, 100
528, 101
529, 102
530, 103
531, 104
532, 105
533, 106
534, 107
535, 108
536, 109
537, 110
538, 111
539, 112
540, 113
541, 114
542, 115
543, 116
544, 117
545, 118
546, 119
547, 120
548, 121
549, 122
550, 123
551, 124
552, 125
553, 126
554, 127
555, 128
556, 129
557, 130
558, 131
559, 132
560, 133
561, 134
562, 135
563, 136
564, 137
565, 138
566, 139
567, 140
568, 141
569, 142
570, 143
571, 144
572, 145
573, 146
574, 147
575, 148
576, 149
577, 150
578, 151
579, 152
580, 153
581, 154
582, 155
583, 155
584, 155
585, 155
586, 155
587, 155
588, 155
589, 155
590, 155
591, 155
592, 155
593, 155
594, 155
595, 155
596, 155
597, 155
598, 155
599, 155
600, 155
601, 155
602, 155
603, 155
604, 155
605, 155
606, 155
607, 155
608, 155
609, 155
610, 155
611, 155
612, 155
613, 155
614, 155
615, 155
616, 155
617, 155
618, 155
619, 155
620, 155
621, 155
622, 155
623, 155
624, 155
625, 155
626, 155
627, 155
628, 155
629, 155
630, 155
631, 155
632, 155
633, 155
634, 155
635, 155
636, 155
637, 155
638, 155
639, 155
640, 155
641, 155
642, 155
643, 155
644, 155
645, 155
646, 155
647, 155
648, 155
649, 155
650, 155
651, 155
652, 155
653, 155
654, 155
655, 155
656, 155
657, 155
658, 155
659, 155
660, 155
661, 155
662, 155
663, 155
664, 155
665, 155
666, 155
667, 155
668, 155
669, 155
670, 155
671, 155
672, 155
673, 155
674, 155
675, 155
676, 155
677, 155
678, 155
679, 155
680, 155
681, 155
682, 155
683, 155
684, 155
685, 155
686, 155
687, 155
688, 155
689, 155
690, 155
691, 155
692, 155
693, 155
694, 155
695, 155
696, 155
697, 155
698, 155
699, 155
700, 155
701, 155
702, 155
703, 155
704, 155
705, 155
706, 155
707, 155
708, 155
709, 155
710, 155
711, 155
712, 155
713, 155
714, 155
715, 155
716, 155
717, 155
718, 155
719, 155
720, 155
721, 155
722, 155
723, 155
724, 155
725, 155
726, 155
727, 155
728, 155
729, 155
730, 155
731, 155
732, 155
733, 155
734, 155
735, 155
736, 155
737, 155
738, 155
739, 155
740, 155
741, 155
742, 155
743, 155
744, 155
745, 155
746, 155
747, 155
748, 155
749, 155
750, 155
751, 155
752, 155
753, 155
754, 155
755, 155
756, 155
757, 155
758, 155
759, 155
760, 155
761, 155
762, 155
763, 155
764, 155
765, 155
766, 155
767, 155
768, 155
769, 155
770, 155
771, 155
772, 155
773, 155
774, 155
775, 155
776, 155
777, 155
778, 155
779, 155
780, 155
781, 155
782, 155
783, 155
784, 155
785, 155
786, 155
787, 155
788, 155
789, 155
790, 155
791, 155
792, 155
793, 155
794, 155
795, 155
796, 155
797, 155
798, 155
799, 155
800, 155
801, 155
802, 155
803, 155
804, 155
805, 155
806, 155
807, 155
808, 155
809, 155
810, 155
811, 155
812, 155
813, 155
814, 155
815, 155
816, 155
817, 155
818, 155
819, 155
820, 155
821, 155
822, 155
823, 155
824, 155
825, 155
826, 155
827, 155
828, 155
829, 155
830, 155
831, 155
832, 155
833, 155
834, 155
835, 155
836, 155
837, 155
838, 155
839, 155
840, 155
841, 155
842, 155
843, 155
844, 155
845, 155
846, 155
847, 155
848, 155
849, 155
850, 155
851, 155
852, 155
853, 155
854, 155
855, 155
856, 155
857, 155
858, 155
859, 155
860, 155
861, 155
862, 155
863, 155
864, 155
865, 155
866, 155
867, 155
868, 155
869, 155
870, 155
871, 155
872, 155
873, 155
874, 155
875, 155
876, 155
877, 155
878, 155
879, 155
880, 155
881, 155
882, 155
883, 155
884, 155
885, 155
886, 155
887, 155
888, 155
889, 155
890, 155
891, 155
892, 155
893, 155
894, 155
895, 155
896, 155
897, 155
898, 155
899, 155
900, 155
901, 155
902, 155
903, 155
904, 155
905, 155
906, 155
907, 155
908, 155
909, 155
910, 155
911, 155
912, 155
913, 155
914, 155
915, 155
916, 155
917, 155
918, 155
919, 155
920, 155
921, 155
922, 155
923, 155
924, 155
925, 155
926, 155
927, 155
928, 155
929, 155
930, 155
931, 155
932, 155
933, 155
934, 155
935, 155
936, 155
937, 155
938, 155
939, 155
940, 155
941, 155
942, 155
943, 155
944, 155
945, 155
946, 155
947, 155
948, 155
949, 155
950, 155
951, 155
952, 155
953, 155
954, 155
955, 155
956, 155
957, 155
958, 155
959, 155
960, 155
961, 155
962, 155
963, 155
964, 155
965, 155
966, 155
967, 155
968, 155
969, 155
970, 155
971, 155
972, 155
973, 155
974, 155
975, 155
976, 155
977, 155
978, 155
979, 155
980, 155
981, 155
982, 155
983, 155
984, 155
985, 155
986, 155
987, 155
988, 155
989, 155
990, 155
991, 155
992, 155
993, 155
994, 155
995, 155
996, 155
997, 155
998, 155
999, 155
1000, 155
1001, 155
1002, 155
1003, 155
1004, 155
1005, 155
1006, 155
1007, 155
1008, 155
1009, 155
1010, 155
1011, 155
1012, 155
1013, 155
1014, 155
1015, 155
1016, 155
1017, 155
1018, 155
1019, 155
1020, 155
1021, 155
1022, 155
1023, 155
1024, 155
1025, 155
1026, 155
1027, 155
1028, 155
1029, 155
1030, 155
1031, 155
1032, 155
1033, 155
1034, 155
1035, 155
1036, 155
1037, 155
1038, 155
1039, 155
1040, 155
1041, 155
1042, 155
1043, 155
1044, 155
1045, 155
1046, 155
1047, 155
1048, 155
1049, 155
1050, 155
1051, 155
1052, 155
1053, 155
1054, 155
1055, 155
1056, 155
1057, 155
1058, 155
1059, 155
1060, 155
1061, 155
1062, 155
1063, 155
1064, 155
1065, 155
1066, 155
1067, 155
1068, 155
1069, 155
1070, 155
1071, 155
1072, 155
1073, 155
1074, 155
1075, 155
1076, 155
1077, 155
1078, 155
1079, 155
1080, 155
1081, 155
1082, 155
1083, 155
1084, 155
1085, 155
1086, 155
1087, 155
1088, 155
1089, 155
1090, 155
1091, 155
1092, 155
1093, 155
1094, 155
1095, 155
1096, 155
1097, 155
1098, 155
1099, 155
1100, 155
1101, 155
1102, 155
1103, 155
1104, 155
1105, 155
1106, 155
1107, 155
1108, 155
1109, 155
1110, 155
1111, 155
1112, 155
1113, 155
1114, 155
1115, 155
1116, 155
1117, 155
1118, 155
1119, 155
1120, 155
1121, 155
1122, 155
1123, 155
1124, 155
1125, 155
1126, 155
1127, 155
1128, 155
1129, 155
1130, 155
1131, 155
1132, 155
1133, 155
1134, 155
1135, 155
1136, 155
1137, 155
1138, 155
1139, 155
1140, 155
1141, 155
1142, 155
1143, 155
1144, 155
1145, 155
1146, 155
1147, 155
1148, 155
1149, 155
1150, 155
1151, 155
1152, 155
1153, 155
1154, 155
1155, 155
1156, 155
1157, 155
1158, 155
1159, 155
1160, 155
1161, 155
1162, 155
1163, 155
1164, 155
1165, 155
1166, 155
1167, 155
1168, 155
1169, 155
1170, 155
1171, 155
1172, 155
1173, 155
1174, 155
1175, 155
1176, 155
1177, 155
1178, 155
1179, 155
1180, 155
1181, 155
1182, 155
1183, 155
1184, 155
1185, 155
1186, 155
1187, 155
1188, 155
1189, 155
1190, 155
1191, 155
1192, 155
1193, 155
1194, 155
1195, 155
1196, 155
1197, 155
1198, 155
1199, 155
1200, 155
1201, 155
1202, 155
1203, 155
1204, 155
1205, 155
1206, 155
1207, 155
1208, 155
1209, 155
1210, 155
1211, 155
1212, 155
1213, 155
1214, 155
1215, 155
1216, 155
1217, 155
1218, 155
1219, 155
1220, 155
1221, 155
1222, 155
1223, 155
1224, 155
1225, 155
1226, 155
1227, 155
1228, 155
1229, 155
1230, 155
1231, 155
1232, 155
1233, 155
1234, 155
1235, 155
1236, 155
1237, 155
1238, 155
1239, 155
1240, 155
1241, 155
1242, 155
1243, 155
1244, 155
1245, 155
1246, 155
1247, 155
1248, 155
1249, 155
1250, 155
1251, 155
1252, 155
1253, 155
1254, 155
1255, 155
1256, 155
1257, 155
1258, 155
1259, 155
1260, 155
1261, 155
1262, 155
1263, 155
1264, 155
1265, 155
1266, 155
1267, 155
1268, 155
1269, 155
1270, 155
1271, 155
1272, 155
1273, 155
1274, 155
1275, 155
1276, 155
1277, 155
1278, 155
1279, 155
1280, 155
1281, 155
1282, 155
1283, 155
1284, 155
1285, 155
1286, 155
1287, 155
1288, 155
1289, 155
1290, 155
1291, 155
1292, 155
1293, 155
1294, 155
1295, 155
1296, 155
1297, 155
1298, 155
1299, 155
1300, 155
1301, 155
1302, 155
1303, 155
1304, 155
1305, 155
1306, 155
1307, 155
1308, 155
1309, 155
1310, 155
1311, 155
1312, 155
1313, 155
1314, 155
1315, 155
1316, 155
1317, 155
1318, 155
1319, 155
1320, 155
1321, 155
1322, 155
1323, 155
1324, 155
1325, 155
1326, 155
1327, 155
1328, 155
1329, 155
1330, 155
1331, 155
1332, 155
1333, 155
1334, 155
1335, 155
1336, 155
1337, 155
1338, 155
1339, 155
1340, 155
1341, 155
1342, 155
1343, 155
1344, 155
1345, 155
1346, 155
1347, 155
1348, 155
1349, 155
1350, 155
1351, 155
1352, 155
1353, 155
1354, 155
1355, 155
1356, 155
1357, 155
1358, 155
1359, 155
1360, 155
1361, 155
1362, 155
1363, 155
1364, 155
1365, 155
1366, 155
1367, 155
1368, 155
1369, 155
1370, 155
1371, 155
1372, 155
1373, 155
1374, 155
1375, 155
1376, 155
1377, 155
1378, 155
1379, 155
1380, 155
1381, 156
1382, 156
1383, 157
1384, 158
1385, 159
1385, 160
1385, 161
1385, 162
1385, 163
1385, 164
1385, 165
1385, 166
1385, 167
1385, 168
1385, 169
1385, 170
1385, 171
1385, 172
1385, 173
1385, 174
1385, 175
1385, 176
1385, 177
1385, 178
1385, 179
1385, 180
1385, 181
1385, 182
1385, 183
1385, 184
1385, 185
1385, 186
1385, 187
1385, 188
1385, 189
1385, 190
1385, 191
1385, 192
1385, 193
1385, 194
1385, 195
1385, 196
1385, 197
1385, 198
1385, 199
1385, 200
1385, 201
1385, 202
1385, 203
1385, 204
1385, 205
1385, 206
1385, 207
1385, 208
1385, 209
1385, 210
1385, 211
1385, 212
1385, 213
1385, 214
1385, 215
1384, 216
1383, 217
1382, 218
1381, 219
1380, 220
1379, 221
1378, 222
1377, 223
1376, 224
1375, 225
1374, 226
1373, 227
1372, 228
1371, 229
1370, 230
1369, 231
1368, 232
1367, 233
1366, 234
1365, 235
1364, 236
1363, 237
1362, 238
1361, 239
1360, 240
1359, 241
1358, 242
1357, 243
1356, 244
1355, 245
1354, 246
1353, 247
1352, 248
1351, 249
1350, 250
1349, 251
1348, 252
1347, 253
1346, 254
1345, 255
1344, 256
1343, 257
1342, 258
1341, 259
1340, 259
1339, 259
1338, 259
1337, 259
1336, 259
1335, 259
1334, 259
1333, 259
1332, 259
1331, 259
1330, 259
1329, 259
1328, 259
1327, 259
1326, 259
1325, 259
1324, 259
1323, 259
1322, 259
1321, 259
1320, 259
1319, 259
1318, 259
1317, 259
1316, 259
1315, 259
1314, 259
1313, 259
1312, 259
1311, 259
1310, 259
1309, 259
1308, 259
1307, 259
1306, 259
1305, 259
1304, 259
1303, 259
1302, 259
1301, 259
1300, 259
1299, 259
1298, 259
1297, 259
1296, 259
1295, 259
1294, 259
1293, 259
1292, 259
1291, 259
1290, 259
1289, 259
1288, 259
1287, 259
1286, 259
1285, 259
1284, 259
1283, 259
1282, 259
1281, 259
1280, 259
1279, 259
1278, 259
1277, 259
1276, 259
1275, 259
1274, 259
1273, 259
1272, 259
1271, 259
1270, 259
1269, 259
1268, 259
1267, 259
1266, 259
1265, 259
1264, 259
1263, 259
1262, 259
1261, 259
1260, 259
1259, 259
1258, 259
1257, 259
1256, 259
1255, 259
1254, 259
1253, 259
1252, 259
1251, 259
1250, 259
1249, 259
1248, 259
1247, 259
1246, 259
1245, 259
1244, 259
1243, 259
1242, 259
1241, 259
1240, 259
1239, 259
1238, 259
1237, 259
1236, 259
1235, 259
1234, 259
1233, 259
1232, 259
1231, 259
1230, 259
1229, 259
1228, 259
1227, 259
1226, 259
1225, 259
1224, 259
1223, 259
1222, 259
1221, 259
1220, 259
1219, 259
1218, 259
1217, 259
1216, 259
1215, 259
1214, 259
1213, 259
1212, 259
1211, 259
1210, 259
1209, 259
1208, 259
1207, 259
1206, 259
1205, 259
1204, 259
1203, 259
1202, 259
1201, 259
1200, 259
1199, 259
1198, 259
1197, 259
1196, 259
1195, 259
1194, 259
1193, 259
1192, 259
1191, 259
1190, 259
1189, 259
1188, 259
1187, 259
1186, 259
1185, 259
1184, 259
1183, 259
1182, 259
1181, 259
1180, 259
1179, 259
1178, 259
1177, 259
1176, 259
1175, 259
1174, 259
1173, 259
1172, 259
1171, 259
1170, 259
1169, 259
1168, 259
1167, 259
1166, 259
1165, 259
1164, 259
1163, 259
1162, 259
1161, 259
1160, 259
1159, 259
1158, 259
1157, 259
1156, 259
1155, 259
1154, 259
1153, 259
1152, 259
1151, 259
1150, 259
1149, 259
1148, 259
1147, 259
1146, 259
1145, 259
1144, 259
1143, 259
1142, 259
1141, 259
1140, 259
1139, 259
1138, 259
1137, 259
1136, 259
1135, 259
1134, 259
1133, 259
1132, 259
1131, 259
1130, 259
1129, 259
1128, 259
1127, 259
1126, 259
1125, 259
1124, 259
1123, 259
1122, 259
1121, 259
1120, 259
1119, 259
1118, 259
1117, 259
1116, 259
1115, 259
1114, 259
1113, 259
1112, 259
1111, 259
1110, 259
1109, 259
1108, 259
1107, 259
1106, 259
1105, 259
1104, 259
1103, 259
1102, 259
1101, 259
1100, 259
1099, 259
1098, 259
1097, 259
1096, 259
1095, 259
1094, 259
1093, 259
1092, 259
1091, 259
1090, 259
1089, 259
1088, 259
1087, 259
1086, 259
1085, 259
1084, 259
1083, 259
1082, 259
1081, 259
1080, 259
1079, 259
1078, 259
1077, 259
1076, 259
1075, 259
1074, 259
1073, 259
1072, 259
1071, 259
1070, 259
1069, 259
1068, 259
1067, 259
1066, 259
1065, 259
1064, 259
1063, 259
1062, 259
1061, 259
1060, 259
1059, 259
1058, 259
1057, 259
1056, 259
1055, 259
1054, 259
1053, 259
1052, 259
1051, 259
1050, 259
1049, 259
1048, 259
1047, 259
1046, 259
1045, 259
1044, 259
1043, 259
1042, 259
1041, 259
1040, 259
1039, 259
1038, 259
1037, 259
1036, 259
1035, 259
1034, 259
1033, 259
1032, 259
1031, 259
1030, 259
1029, 259
1028, 259
1027, 259
1026, 259
1025, 259
1024, 259
1023, 259
1022, 259
1021, 259
1020, 259
1019, 259
1018, 259
1017, 259
1016, 259
1015, 259
1014, 259
1013, 259
1012, 259
1011, 259
1010, 259
1009, 259
1008, 259
1007, 259
1006, 259
1005, 259
1004, 259
1003, 259
1002, 259
1001, 259
1000, 259
999, 259
998, 259
997, 259
996, 259
995, 259
994, 259
993, 259
992, 259
991, 259
990, 259
989, 259
988, 259
987, 259
986, 259
985, 259
984, 259
983, 259
982, 259
981, 259
980, 259
979, 259
978, 259
977, 259
976, 259
975, 259
974, 259
973, 259
972, 259
971, 259
970, 259
969, 259
968, 259
967, 259
966, 259
965, 259
964, 259
963, 259
962, 259
961, 259
960, 259
959, 259
958, 259
957, 259
956, 259
955, 259
954, 259
953, 259
952, 259
951, 259
950, 259
949, 259
948, 259
947, 259
946, 259
945, 259
944, 259
943, 259
942, 259
941, 259
940, 259
939, 259
938, 259
937, 259
936, 259
935, 259
934, 259
933, 259
932, 259
931, 259
930, 259
929, 259
928, 259
927, 259
926, 259
925, 259
924, 259
923, 259
922, 259
921, 259
920, 259
919, 259
918, 259
917, 259
916, 259
915, 259
914, 259
913, 259
912, 259
911, 259
910, 259
909, 259
908, 259
907, 259
906, 259
905, 259
904, 259
903, 259
902, 259
901, 259
900, 259
899, 259
898, 259
897, 259
896, 259
895, 259
894, 259
893, 259
892, 259
891, 259
890, 259
889, 259
888, 259
887, 259
886, 259
885, 259
884, 259
883, 259
882, 259
881, 259
880, 259
879, 259
878, 259
877, 259
876, 259
875, 259
874, 259
873, 259
872, 259
871, 259
870, 259
869, 259
868, 259
867, 259
866, 259
865, 259
864, 259
863, 259
862, 259
861, 259
860, 259
859, 259
858, 259
857, 259
856, 259
855, 259
854, 259
853, 259
852, 259
851, 259
850, 259
849, 259
848, 259
847, 259
846, 259
845, 259
844, 259
843, 259
842, 259
841, 259
840, 259
839, 259
838, 259
837, 259
836, 259
835, 259
834, 259
833, 259
832, 259
831, 259
830, 259
829, 259
828, 259
827, 259
826, 259
825, 259
824, 259
823, 259
822, 259
821, 259
820, 259
819, 259
818, 259
817, 259
816, 259
815, 259
814, 259
813, 259
812, 259
811, 259
810, 259
809, 259
808, 259
807, 259
806, 259
805, 259
804, 259
803, 259
802, 259
801, 259
800, 259
799, 259
798, 259
797, 259
796, 259
795, 259
794, 259
793, 259
792, 259
791, 259
790, 259
789, 259
788, 259
787, 259
786, 259
785, 259
784, 259
783, 259
782, 259
781, 259
780, 259
779, 259
778, 259
777, 259
776, 259
775, 259
774, 259
773, 259
772, 259
771, 259
770, 259
769, 259
768, 259
767, 259
766, 259
765, 259
764, 259
763, 259
762, 259
761, 259
760, 259
759, 259
758, 259
757, 259
756, 259
755, 259
754, 259
753, 259
752, 259
751, 259
750, 259
749, 259
748, 259
747, 259
746, 259
745, 259
744, 259
743, 259
742, 259
741, 259
740, 259
739, 259
738, 259
737, 259
736, 259
735, 259
734, 259
733, 259
732, 259
731, 259
730, 259
729, 259
728, 259
727, 259
726, 259
725, 259
724, 259
723, 259
722, 259
721, 259
720, 259
719, 259
718, 259
717, 259
716, 259
715, 259
714, 259
713, 259
712, 259
711, 259
710, 259
709, 259
708, 259
707, 259
706, 259
705, 259
704, 259
703, 259
702, 259
701, 259
700, 259
699, 259
698, 259
697, 259
696, 259
695, 259
694, 259
693, 259
692, 259
691, 259
690, 259
689, 259
688, 259
687, 259
686, 259
685, 259
684, 259
683, 259
682, 259
681, 259
680, 259
679, 259
678, 259
677, 259
676, 259
675, 259
674, 259
673, 259
672, 259
671, 259
670, 259
669, 259
668, 259
667, 259
666, 259
665, 259
664, 259
663, 259
662, 259
661, 259
660, 259
659, 259
658, 259
657, 259
656, 259
655, 259
654, 259
653, 259
652, 259
651, 259
650, 259
649, 259
648, 259
647, 259
646, 259
645, 259
644, 259
643, 259
642, 259
641, 259
640, 259
639, 259
638, 259
637, 259
636, 259
635, 259
634, 259
633, 259
632, 259
631, 259
630, 259
629, 259
628, 259
627, 259
626, 259
625, 259
624, 259
623, 259
622, 259
621, 259
620, 259
619, 259
618, 259
617, 259
616, 259
615, 259
614, 259
613, 259
612, 259
611, 259
610, 259
609, 259
608, 259
607, 259
606, 259
605, 259
604, 259
603, 259
602, 259
601, 259
600, 259
599, 259
598, 259
597, 259
596, 259
595, 259
594, 259
593, 259
592, 259
591, 259
590, 259
589, 259
588, 259
587, 259
586, 259
585, 259
584, 259
583, 259
582, 259
581, 259
580, 259
579, 259
578, 259
577, 259
576, 259
575, 259
574, 259
573, 259
572, 259
571, 259
570, 259
569, 259
568, 259
567, 259
566, 259
565, 259
564, 259
563, 259
562, 259
561, 259
560, 259
559, 259
558, 259
557, 259
556, 259
555, 259
554, 259
553, 259
552, 259
551, 259
550, 259
549, 259
548, 259
547, 259
546, 259
545, 259
544, 259
543, 259
542, 259
541, 259
540, 260
539, 260
538, 260
537, 261
536, 262
535, 263
535, 264
535, 265
536, 266
536, 267
536, 268
537, 269
537, 270
537, 271
537, 272
537, 273
537, 274
537, 275
537, 276
537, 277
537, 278
537, 279
537, 280
537, 281
537, 282
537, 283
537, 284
537, 285
537, 286
537, 287
537, 288
537, 289
537, 290
537, 291
537, 292
537, 293
537, 294
537, 295
537, 296
537, 297
537, 298
537, 299
537, 300
537, 301
537, 302
537, 303
537, 304
537, 305
537, 306
537, 307
537, 308
537, 309
537, 310
537, 311
537, 312
537, 313
537, 314
537, 315
537, 316
537, 317
537, 318
537, 319
537, 320
537, 321
537, 322
537, 323
537, 324
537, 325
538, 326
538, 327
538, 328
539, 329
539, 330
540, 331
540, 332
540, 333
541, 334
542, 335
543, 336
544, 337
545, 338
546, 339
547, 340
548, 341
549, 342
550, 343
551, 344
552, 345
553, 346
554, 347
555, 348
556, 349
557, 350
558, 351
559, 352
560, 353
561, 354
562, 355
563, 356
564, 357
565, 358
566, 359
567, 360
568, 361
569, 361
570, 361
571, 361
572, 361
573, 361
574, 361
575, 361
576, 361
577, 361
578, 361
579, 361
580, 361
581, 361
582, 361
583, 361
584, 361
585, 361
586, 361
587, 361
588, 361
589, 361
590, 361
591, 361
592, 361
593, 361
594, 361
595, 361
596, 361
597, 361
598, 361
599, 361
600, 361
601, 361
602, 361
603, 361
604, 361
605, 361
606, 361
607, 361
608, 361
609, 361
610, 361
611, 361
612, 361
613, 361
614, 361
615, 361
616, 361
617, 361
618, 361
619, 361
620, 361
621, 361
622, 361
623, 361
624, 361
625, 361
626, 361
627, 361
628, 361
629, 361
630, 361
631, 361
632, 361
633, 361
634, 361
635, 361
636, 361
637, 361
638, 361
639, 361
640, 361
641, 361
642, 361
643, 361
644, 361
645, 361
646, 361
647, 361
648, 361
649, 361
650, 361
651, 361
652, 361
653, 361
654, 361
655, 361
656, 361
657, 361
658, 361
659, 361
660, 361
661, 361
662, 361
663, 361
664, 361
665, 361
666, 361
667, 361
668, 361
669, 361
670, 361
671, 361
672, 361
673, 361
674, 361
675, 361
676, 361
677, 361
678, 361
679, 361
680, 361
681, 361
682, 361
683, 361
684, 361
685, 361
686, 361
687, 361
688, 361
689, 361
690, 361
691, 361
692, 361
693, 361
694, 361
695, 361
696, 361
697, 361
698, 361
699, 361
700, 361
701, 361
702, 361
703, 361
704, 361
705, 361
706, 361
707, 361
708, 361
709, 361
710, 361
711, 361
712, 361
713, 361
714, 361
715, 361
716, 361
717, 361
718, 361
719, 361
720, 361
721, 361
722, 361
723, 361
724, 361
725, 361
726, 361
727, 361
728, 361
729, 361
730, 361
731, 361
732, 361
733, 361
734, 361
735, 361
736, 361
737, 361
738, 361
739, 361
740, 361
741, 361
742, 361
743, 361
744, 361
745, 361
746, 361
747, 361
748, 361
749, 361
750, 361
751, 361
752, 361
753, 361
754, 361
755, 361
756, 361
757, 361
758, 361
759, 361
760, 361
761, 361
762, 361
763, 361
764, 361
765, 361
766, 361
767, 361
768, 361
769, 361
770, 361
771, 361
772, 361
773, 361
774, 361
775, 361
776, 361
777, 361
778, 361
779, 361
780, 361
781, 361
782, 361
783, 361
784, 361
785, 361
786, 361
787, 361
788, 361
789, 361
790, 361
791, 361
792, 361
793, 361
794, 361
795, 361
796, 361
797, 361
798, 361
799, 361
800, 361
801, 361
802, 361
803, 361
804, 361
805, 361
806, 361
807, 361
808, 361
809, 361
810, 361
811, 361
812, 361
813, 361
814, 361
815, 361
816, 361
817, 361
818, 361
819, 361
820, 361
821, 361
822, 361
823, 361
824, 361
825, 361
826, 361
827, 361
828, 361
829, 361
830, 361
831, 361
832, 361
833, 361
834, 361
835, 361
836, 361
837, 361
838, 361
839, 361
840, 361
841, 361
842, 361
843, 361
844, 361
845, 361
846, 361
847, 361
848, 361
849, 361
850, 361
851, 361
852, 361
853, 361
854, 361
855, 361
856, 361
857, 361
858, 361
859, 361
860, 361
861, 361
862, 361
863, 361
864, 361
865, 361
866, 361
867, 361
868, 361
869, 361
870, 361
871, 361
872, 361
873, 361
874, 361
875, 361
876, 361
877, 361
878, 361
879, 361
880, 361
881, 361
882, 361
883, 361
884, 361
885, 361
886, 361
887, 361
888, 361
889, 361
890, 361
891, 361
892, 361
893, 361
894, 361
895, 361
896, 361
897, 361
898, 361
899, 361
900, 361
901, 361
902, 361
903, 361
904, 361
905, 361
906, 361
907, 361
908, 361
909, 361
910, 361
911, 361
912, 361
913, 361
914, 361
915, 361
916, 361
917, 361
918, 361
919, 361
920, 361
921, 361
922, 361
923, 361
924, 361
925, 361
926, 361
927, 361
928, 361
929, 361
930, 361
931, 361
932, 361
933, 361
934, 361
935, 361
936, 361
937, 361
938, 361
939, 361
940, 361
941, 361
942, 361
943, 361
944, 361
945, 361
946, 361
947, 361
948, 361
949, 361
950, 361
951, 361
952, 361
953, 361
954, 361
955, 361
956, 361
957, 361
958, 361
959, 361
960, 361
961, 361
962, 361
963, 361
964, 361
965, 361
966, 361
967, 361
968, 361
969, 361
970, 361
971, 361
972, 361
973, 361
974, 361
975, 361
976, 361
977, 361
978, 361
979, 361
980, 361
981, 361
982, 361
983, 361
984, 361
985, 361
986, 361
987, 361
988, 361
989, 361
990, 361
991, 361
992, 361
993, 361
994, 361
995, 361
996, 361
997, 361
998, 361
999, 361
1000, 361
1001, 361
1002, 361
1003, 361
1004, 361
1005, 361
1006, 361
1007, 361
1008, 361
1009, 361
1010, 361
1011, 361
1012, 361
1013, 361
1014, 361
1015, 361
1016, 361
1017, 361
1018, 361
1019, 361
1020, 361
1021, 361
1022, 361
1023, 361
1024, 361
1025, 361
1026, 361
1027, 361
1028, 361
1029, 361
1030, 361
1031, 361
1032, 361
1033, 361
1034, 361
1035, 361
1036, 361
1037, 361
1038, 361
1039, 361
1040, 361
1041, 361
1042, 361
1043, 361
1044, 361
1045, 361
1046, 361
1047, 361
1048, 361
1049, 361
1050, 361
1051, 361
1052, 361
1053, 361
1054, 361
1055, 361
1056, 361
1057, 361
1058, 361
1059, 361
1060, 361
1061, 361
1062, 361
1063, 361
1064, 361
1065, 361
1066, 361
1067, 361
1068, 361
1069, 361
1070, 361
1071, 361
1072, 361
1073, 361
1074, 361
1075, 361
1076, 361
1077, 361
1078, 361
1079, 361
1080, 361
1081, 361
1082, 361
1083, 361
1084, 361
1085, 361
1086, 361
1087, 361
1088, 361
1089, 361
1090, 361
1091, 361
1092, 361
1093, 361
1094, 361
1095, 361
1096, 361
1097, 361
1098, 361
1099, 361
1100, 361
1101, 361
1102, 361
1103, 361
1104, 361
1105, 361
1106, 361
1107, 361
1108, 361
1109, 361
1110, 361
1111, 361
1112, 361
1113, 361
1114, 361
1115, 361
1116, 361
1117, 361
1118, 361
1119, 361
1120, 361
1121, 361
1122, 361
1123, 361
1124, 361
1125, 361
1126, 361
1127, 361
1128, 361
1129, 361
1130, 361
1131, 361
1132, 361
1133, 361
1134, 361
1135, 361
1136, 361
1137, 361
1138, 361
1139, 361
1140, 361
1141, 361
1142, 361
1143, 361
1144, 361
1145, 361
1146, 361
1147, 361
1148, 361
1149, 361
1150, 361
1151, 361
1152, 361
1153, 361
1154, 361
1155, 361
1156, 361
1157, 361
1158, 361
1159, 361
1160, 361
1161, 361
1162, 361
1163, 361
1164, 361
1165, 361
1166, 361
1167, 361
1168, 361
1169, 361
1170, 361
1171, 361
1172, 361
1173, 361
1174, 361
1175, 361
1176, 361
1177, 361
1178, 361
1179, 361
1180, 361
1181, 361
1182, 361
1183, 361
1184, 361
1185, 361
1186, 361
1187, 361
1188, 361
1189, 361
1190, 361
1191, 361
1192, 361
1193, 361
1194, 361
1195, 361
1196, 361
1197, 361
1198, 361
1199, 361
1200, 361
1201, 361
1202, 361
1203, 361
1204, 361
1205, 361
1206, 361
1207, 361
1208, 361
1209, 361
1210, 361
1211, 361
1212, 361
1213, 361
1214, 361
1215, 361
1216, 361
1217, 361
1218, 361
1219, 361
1220, 361
1221, 361
1222, 361
1223, 361
1224, 361
1225, 361
1226, 361
1227, 361
1228, 361
1229, 361
1230, 361
1231, 361
1232, 361
1233, 361
1234, 361
1235, 361
1236, 361
1237, 361
1238, 361
1239, 361
1240, 361
1241, 361
1242, 361
1243, 361
1244, 361
1245, 361
1246, 361
1247, 361
1248, 361
1249, 361
1250, 361
1251, 361
1252, 361
1253, 361
1254, 361
1255, 361
1256, 361
1257, 361
1258, 361
1259, 361
1260, 361
1261, 361
1262, 361
1263, 361
1264, 361
1265, 361
1266, 361
1267, 361
1268, 361
1269, 361
1270, 361
1271, 361
1272, 361
1273, 361
1274, 361
1275, 361
1276, 361
1277, 361
1278, 361
1279, 361
1280, 361
1281, 361
1282, 361
1283, 361
1284, 361
1285, 361
1286, 361
1287, 361
1288, 361
1289, 361
1290, 361
1291, 361
1292, 361
1293, 361
1294, 361
1295, 361
1296, 361
1297, 361
1298, 361
1299, 361
1300, 361
1301, 361
1302, 361
1303, 361
1304, 361
1305, 361
1306, 361
1307, 361
1308, 361
1309, 361
1310, 361
1311, 361
1312, 361
1313, 361
1314, 361
1315, 361
1316, 361
1317, 361
1318, 361
1319, 361
1320, 361
1321, 361
1322, 361
1323, 361
1324, 362
1325, 362
1326, 363
1327, 364
1328, 365
1329, 366
1330, 367
1331, 368
1332, 369
1333, 370
1334, 371
1335, 372
1336, 373
1337, 374
1338, 375
1339, 376
1340, 377
1341, 378
1342, 379
1343, 380
1344, 381
1345, 382
1346, 383
1347, 384
1348, 385
1349, 386
1350, 387
1351, 388
1352, 389
1353, 390
1354, 391
1355, 392
1356, 393
1357, 394
1358, 395
1359, 396
1360, 397
1361, 397
1362, 397
1363, 397
1364, 397
1365, 397
1366, 397
1367, 397
1368, 397
1369, 397
1370, 397
1371, 397
1372, 397
1373, 397
1374, 397
1375, 397
1376, 397
1377, 397
1378, 397
1379, 397
1380, 397
1381, 397
1382, 397
1383, 397
1384, 397
1385, 397
1386, 397
1387, 397
1388, 397
1389, 397
1390, 397
1391, 397
1392, 397
1393, 397
1394, 397
1395, 397
1396, 397
1397, 397
1398, 397
1399, 397
1400, 397
1401, 397
1402, 397
1403, 397
1404, 397
1405, 397
1406, 397
1407, 397
1408, 397
1409, 398
1410, 398
1411, 399
1412, 400
1413, 401
1414, 402
1414, 403
1414, 404
1414, 405
1414, 406
1414, 407
1414, 408
1414, 409
1414, 410
1414, 411
1414, 412
1414, 413
1414, 414
1414, 415
1414, 416
1414, 417
1414, 418
1414, 419
1414, 420
1414, 421
1414, 422
1414, 423
1414, 424
1414, 425
1414, 426
1414, 427
1414, 428
1414, 429
1414, 430
1414, 431
1414, 432
1414, 433
1414, 434
1414, 435
1413, 436
1412, 437
1411, 438
1410, 439
1409, 440
1408, 441
1407, 442
1406, 443
1405, 444
1404, 445
1403, 446
1402, 447
1401, 448
1400, 449
1399, 450
1398, 451
1397, 452
1396, 453
1395, 454
1394, 455
1393, 456
1392, 457
1391, 458
1390, 459
1389, 460
1388, 461
1387, 462
1386, 463
1385, 464
1384, 465
1383, 466
1382, 467
1381, 468
1380, 469
1379, 469
1378, 469
1377, 469
1376, 469
1375, 469
1374, 469
1373, 469
1372, 469
